
0102203355
0101030060
0126000451
0117005257
0126000326
0101030069
0101232590
0101232617
0101248130
0120004250
0101058012
0120004354
0101036549
0101032806
0120000117
0120003646
0101222171
0101050970
0101020948
0101050978
0101037948
0101049382
0101040831
0120005772
0101027756
0101037302
0101240432
0101033685
0101059178
0101055212
0101033142
0101054857
0126000753
0101236925
0101226430
0101026598
0101039118
0101030352
0101030881
0101051171
0102200835
0101050483
0101027331
0101040633
0101236584
0101056184
0103000830
0103000832
0120003828
0101049496
0120006851
0101233152
0117001414
0101233976
0101232970
0101059160
0104001718
0104555985
0104001249
0104001246
0102050032
0101047762
0110840579
0101234759
0102050036
0101014924
0101049010
0104000629
0122000750
0101048631
0101238082
0101047500
0101238242
0120006210
0101057588
0101051224
0101058554
0101031751
0101228926
0101034146
0101058825
0110840373
0101233792
0101048700
0101048704
0101233798
0101239440
0101043248
0101043241
0120001727
0101039644
0104001861
0117006129
0101035309
0101044559
0101235803
0101019580
0102049860
0101234530
0101045721
0101029941
0101045728
0101034437
0101035946
0101016018
0101016259
0101043408
0101011824
0101224019
0101031676
0101039245
0101035540
0101035238
0101231617
0101034895
0101240131
0101035548
0101032016
0117002925
0121000363
0117002921
0101044525
0101016123
0101218852
0101235062
0101230529
0101236689
0101230527
0101013193
0101049380
0101032498
0101032499
0101032302
0117006396
0101032658
0101035436
0101237408
0117004731
0101242371
0101242372
0120001648
0101045109
0126000995
0101238473
0103000631
0101033871
0101235465
0120004030
0101053469
0101243150
0101019966
0101052994
0101050165
0101033279
0101036310
0120005345
0101036314
0120004211
0120004215
0117004392
0102037049
0101019628
0101039931
0101048833
0101045219
0101020378
0101038145
0122001922
0130000017
0101238872
0126000841
0126000847
0126000846
0101050776
0101036223
0101024520
0101051767
0120005502
0126001138
0117004644
0117004641
0101036553
0101840596
0101032872
0101232169
0120004690
0120003655
0101041134
0117005467
0122001818
0101037152
0101031921
0101050584
0101041351
0101056621
0120002695
0101033696
0101016405
0101020991
0103000332
0101241276
0101247304
0103000339
0101241278
0101241279
0126001956
0101026746
0101050341
0101023310
0101049489
0101233414
0101047379
0120003838
0120006061
0101056750
0101056752
0101222234
0117002723
0101030494
0117002726
0101232785
0119000887
0104001251
0119000883
0104000654
0101014422
0120001256
0101030491
0103000939
0101022594
0101034084
0101057809
0101025481
0101224716
0101056574
0119003991
0101241981
0101016863
0101058813
0101058764
0101043740
0110001109
0117004895
0101027964
0120006173
0101022683
0101057979
0101047368
0101239450
0101238877
0117002151
0101022661
0101046358
0110840181
0101057487
0117001601
0101035339
0101057488
0122000333
0101043653
0101250844
0101034425
0101230447
0101224136
0101052618
0101047998
0101230682
0101043479
0120003017
0101052295
0101029728
0101035205
0120005882
0119002161
0117001910
0101033806
0101042677
0101035209
0101034883
0101044515
0101236077
0101231001
0102026061
0101235787
0101035063
0101028413
0101235074
0116024260
0101025110
0120003332
0101234819
0131000489
0101057027
0101029436
0101035449
0117005858
0101035440
0101036142
0102036979
0101237419
0110840578
0102201530
0119003186
0120003481
0117000412
0101235678
0101235675
0101021563
0101054614
0120003249
0101235477
0101053474
0110003290
0101021765
0101039329
0101036362
0101036492
0120004207
0101054438
0101239024
0101053495
0101020690
0101044885
0101020368
0120003792
0103301097
0101027428
0101054722
0131000061
0104556327
0101041174
0120002820
0120002822
0101245503
0101032261
0101036569
0101054548
0101055890
0101225617
0120005576
0101054545
0101223755
0117005079
0101046993
0102037142
0101020185
0101043515
0101237239
0101041104
0122001864
0126001634
0101037149
0101037148
0117003860
0126001639
0101020968
0101031916
0120005798
0101030423
0101031919
0119001326
0101046869
0101029852
0101027284
0101226141
0126000870
0103000323
0117000187
0120001314
0120002906
0126001495
0117004190
0126001944
0101026776
0104000428
0101023981
0101047343
0101031357
0101041966
0101019348
0126001307
0101059184
0101019344
0104001263
0102050017
0101048032
0104001266
0101040509
0120003934
0101055093
0101055094
0101056818
0119001855
0101243591
0119001856
0104555949
0101057561
0110840667
0101016877
0120002227
0101038467
0101038466
0101058773
0110001115
0101033148
0101025877
0101049100
0104001608
0120004439
0101034632
0116025016
0120007127
0101028885
0101059357
0101059358
0101059359
0104001843
0101016922
0120005963
0101024968
0101057491
0101057862
0101047522
0101025909
0101220644
0101046129
0110001667
0120000860
0101235267
0101043463
0101032721
0117006246
0101025294
0101059220
0101018442
0101039226
0101026827
0101029738
0101052517
0101230949
0101045908
0101042602
0101240158
0101052269
0101043249
0101235684
0101238753
0101034852
0101035588
0101250470
0103001037
0101053245
0101229422
0101029423
0101250878
0101032672
0101017030
0101035455
0117001836
0101032102
0101032459
0117004248
0101044477
0102202186
0120003494
0120003491
0101239158
0131000586
0101039354
0102201989
0116016495
0101052466
0101052465
0101036374
0120003029
0120004768
0101033216
0117001167
0117001166
0110002394
0101058372
0101239039
0101236241
0101041026
0101020359
0101242772
0101053028
0126000820
0104556336
0101050616
0101027167
0101232542
0101037511
0101027168
0101021800
0101225608
0120004307
0119002029
0121000345
0122002302
0101239322
0101027565
0120003673
0101054139
0101037173
0101020223
0104556533
0119005347
0101036487
0104556534
0101056972
0101030186
0101037354
0104000897
0101014086
0117001587
0101226177
0120004946
0101037195
0101014244
0126001975
0120000257
0101023997
0101033666
0117005159
0126001152
0101020647
0126001150
0101022064
0120004939
0110002258
0101026014
0101014889
0101225801
0120006040
0101237722
0101050438
0101037228
0103300951
0101040979
0101041978
0101030569
0102050060
0101047750
0101058601
0117002580
0104000675
0103000951
0101051529
0104001299
0104555934
0101043076
0101244467
0101238219
0101238212
0119000846
0101043988
0101043986
0101038417
0110840342
0101026381
0101049110
0101022800
0101026386
0120003812
0101014063
0101029381
0110001697
0101057731
0101012219
0120007151
0104001851
0101043182
0101051233
0102030328
0131000612
0117006114
0101055602
0101034538
0110840723
0119004592
0101043853
0101243366
0101235273
0101043699
0101059231
0101057603
0102033534
0101026837
0101221384
0101042580
0101244957
0101038636
0101019468
0101042619
0101037875
0119001716
0110840657
0101230956
0103000798
0101052256
0101035008
0102201083
0101049932
0117003064
0117003066
0120003318
0101045683
0101057045
0117003267
0101231970
0101052387
0101238140
0101231157
0117001806
0101231153
0101013079
0101237927
0116021562
0102036999
0101036168
0102202190
0101042329
0101042328
0101052812
0101046661
0101020503
0120007203
0101052492
0117003802
0101058449
0101021290
0131000592
0101053653
0120006097
0101037761
0120004773
0101033227
0117004476
0117003806
0101018222
0102037012
0101017573
0101038660
0120004460
0116018848
0101021128
0101238843
0101021121
0126000816
0101052530
0101245523
0120002807
0120002806
0120002805
0101024408
0101245529
0120002808
0103300893
0101024378
0101054567
0101033089
0101237749
0120004316
0101030142
0101237213
0102037167
0101058293
0104000711
0101243114
0126000782
0126000966
0104556015
0104000887
0101037342
0101023297
0120004958
0101033156
0120004406
0101032933
0110001543
0101044130
0101222080
0126001149
0101041767
0126001140
0101020657
0101040414
0101027001
0101026029
0120002790
0117005127
0110001042
0101222063
0120005046
0101028874
0103000944
0120001204
0101049347
0101026624
0104001591
0101039381
0101244475
0101053186
0120006964
0101051266
0101051061
0101043992
0101040895
0101048749
0101031480
0101055762
0117005657
0101048740
0101233113
0116012481
0120003863
0101048180
0101047256
0101027217
0101028864
0101028868
0101046326
0101244218
0101052350
0120006369
0101038246
0110840247
0116019158
0101016908
0101058910
0101023714
0101057839
0104001138
0101241155
0101043668
0101035671
0101239792
0120000882
0101102501
0101035678
0101043333
0101043335
0101239550
0120007560
0101059240
0110003605
0101052062
0116016015
0101038336
0101038335
0101012203
0104002024
0101052243
0101035017
0102201722
0101028441
0101236640
0101042004
0101028445
0101042006
0103000788
0101230768
0117006072
0101045674
0122001513
0101029409
0101042488
0101035708
0101220755
0101053289
0102202164
0117003552
0101045410
0101042317
0101231369
0101239176
0104556227
0101238576
0101032053
0101019922
0101039572
0101243155
0120000628
0101052960
0101032546
0101249165
0101044305
0101249168
0101054718
0131001089
0101238836
0131001087
0110002736
0101036915
0117003098
0101019818
0102202364
0126000993
0117003091
0101030962
0101036590
0101027495
0101033522
0101033520
0101033524
0104556481
0117001035
0101226374
0101237774
0119004140
0120003690
0101058281
0101236350
0122001856
0122001855
0122001854
0122001853
0101055974
0101021622
0126000793
0101024702
0120002900
0104556003
0122001738
0120002904
0101051652
0101041311
0101021003
0126001518
0101030765
0120005127
0101241235
0117002459
0101227971
0104000474
0102032213
0101049222
0101050384
0101041408
0101026520
0101023065
0101027034
0102201125
0119005030
0119002936
0102050047
0101055284
0104000502
0101252337
0104001589
0101840537
0120002789
0101043050
0101057534
0101241949
0101043058
0101040044
0101240787
0101033573
0101016823
0101052159
0126001226
0101051072
0101232854
0101019264
0101050335
0110001382
0120005346
0104001633
0101030141
0101049685
0101022827
0104556186
0101058312
0101056480
0101047332
0101235986
0101102374
0120006483
0101057289
0101037795
0120006370
0117001648
0101031146
0101029095
0101235853
0101235850
0101230805
0101048314
0110001095
0101034280
0101241161
0101230371
0101840394
0101237702
0101028676
0120004199
0101057668
0101039216
0101039742
0101038348
0101038617
0110840672
0101221128
0102201714
0101017173
0101022116
0101042018
0101028900
0101028903
0101049910
0101045662
0120007352
0101234854
0103001001
0121000084
0101029470
0119002383
0101042493
0101231999
0122001507
0101243091
0117001866
0116016646
0101052127
0101052125
0101034464
0101032425
0116021581
0101044427
0101053529
0101052343
0101057419
0101250243
0101239161
0101250088
0101045797
0101039368
0101230775
0110002540
0101032046
0101048984
0101039564
0101017953
0101044684
0101039965
0120004086
0101231228
0101236561
0117003240
0101238211
0101231220
0129000040
0101238797
0120002836
0101029471
0101235726
0119004779
0120002861
0120004151
0101033958
0101027486
0101020386
0102202003
0101020388
0101054509
0101248128
0104000260
0101041141
0101045337
0101045334
0101054160
0101038046
0119005820
0101222715
0101021650
0117005269
0102021665
0126000908
0101030778
0126001501
0126001502
0101232198
0101050711
0101055367
0101038101
0117004145
0101239972
0101026733
0101027026
0120006018
0101056729
0117005145
0101055107
0101055102
0101037258
0101049113
0104000683
0104001024
0101252650
0101027738
0101056926
0101026609
0101056856
0120006907
0101051281
0101023123
0104000445
0122000273
0120003993
0101058735
0101055746
0101055745
0101055032
0101232847
0101023495
0101030151
0101047729
0126000886
0101241554
0104000729
0101026518
0101051918
0101039148
0101014528
0104555694
0120003196
0104001801
0101047471
0101233714
0101031608
0101029081
0101023723
0101055632
0101042804
0119001038
0101240377
0101025943
0101048304
0126000889
0101043822
0101048308
0101014144
0101038283
0101043312
0101212342
0101240397
0101025762
0101034707
0101046271
0101034250
0101046274
0101057677
0101034383
0110840600
0101043950
0101232518
0101232306
0101235086
0101235087
0101018657
0101046055
0103000566
0101028110
0101039484
0120007342
0101039481
0101047877
0101047872
0101055082
0119003718
0101243087
0120007184
0117000686
0101034490
0116019605
0101053510
0101016787
0110001620
0126001004
0101231343
0101229484
0101017072
0101038973
0101034925
0101228021
0101048298
0101017941
0101039559
0101035038
0101242136
0102201652
0101229009
0104556805
0117004440
0101227518
0116020402
0117003574
0122001987
0101042206
0120003502
0101054779
0103000746
0101238816
0120003509
0101102833
0101028331
0120002854
0101036931
0101054772
0101032419
0101229648
0101021429
0101036114
0102201560
0117004539
0101039889
0104556119
0101050095
0101017431
0102202814
0120000188
0117000222
0101023865
0102037112
0101237487
0104000209
0101055911
0120002928
0120002929
0104000532
0101044691
0101018826
0120005329
0101229868
0101023264
0101027587
0104556607
0117005314
0119004239
0101045614
0101237621
0120004459
0101040334
0104000456
0122000618
0110002069
0101030489
0126000354
0101041555
0101051708
0101225844
0101056731
0101023394
0101027837
0120005074
0101020846
0120002893
0117001270
0122000722
0101056935
0101041887
0101041330
0120006914
0101031729
0101057518
0101056024
0101055008
0101054761
0101011951
0101248252
0117002655
0116010676
0101234610
0101040172
0101014848
0101051459
0101040114
0122002431
0120003188
0101046990
0101047462
0101238362
0104001812
0104001811
0120003182
0117005902
0101240698
0101057462
0101048338
0110840276
0117001466
0101025262
0104555632
0101241104
0120006062
0104001142
0101234728
0101014152
0101056595
0101012325
0101043497
0110001079
0117002269
0117002264
0101057886
0101055403
0120006758
0116019761
0101012253
0101015958
0101240458
0101025398
0101236962
0101035822
0101038389
0101042565
0101043560
0116021619
0101038385
0101057086
0101039496
0101029326
0117003223
0101039492
0101015854
0101029693
0101039167
0101042962
0101057543
0101052104
0101016678
0101230957
0117001682
0102201353
0131001141
0131001147
0102036881
0101033623
0101220983
0101234946
0120007247
0102202555
0131000558
0101018725
0102201779
0101053349
0101235090
0101235095
0104001311
0119003052
0104556290
0122000866
0120004531
0101044599
0101237562
0101231572
0102201910
0129000023
0129000020
0101238773
0120002849
0101102823
0101024115
0101040102
0110002982
0102201590
0101050811
0102202153
0101032400
0101254631
0101045689
0117001068
0117004010
0120003743
0101024338
0101237701
0101058257
0101033374
0102037127
0102201820
0101246955
0101237497
0101046142
0120003401
0101055900
0101024023
0101024025
0120002939
0101234970
0101037720
0120005469
0104556636
0101037479
0101055346
0102050220
0120001570
0101239227
0101044170
0122000608
0101020616
0101020611
0101037090
0120003714
0101050644
0104556123
0101041520
0101050866
0101222563
0126001410
0101040696
0101040690
0120005006
0120005004
0104000862
0101030005
0101238143
0101037075
0101050468
0104000539
0101040212
0104000531
0120002310
0104000537
0101840507
0104000842
0101051604
0116018995
0104000845
0101031282
0101049522
0101023107
0120006101
0101232863
0126001254
0101232861
0117003526
0101051022
0101232864
0101041857
0120005714
0101030738
0101048140
0101048147
0101234602
0101047671
0120002590
0101047102
0101047103
0101027961
0101244725
0102049902
0120005907
0117001673
0120005908
0101032117
0103000809
0101234042
0101022727
0101048456
0101230614
0101028628
0120007526
0101043378
0101039712
0101029194
0101043977
0101230106
0101243548
0101047298
0101038398
0101042515
0101035525
0101034343
0101045982
0101028959
0101230725
0101047850
0117003234
0101029440
0102201163
0110000133
0101019729
0101028271
0101016307
0101043486
0101032366
0101045187
0101243040
0102201348
0101243511
0101018071
0101235178
0120003232
0101235176
0101052688
0101028005
0101016528
0117003127
0120000572
0102201296
0101032763
0101021719
0102201292
0116016763
0101023209
0101039530
0101035994
0101243424
0116017141
0101237827
0101053159
0101044346
0129000039
0102201903
0129000031
0120003526
0129000033
0129000032
0104556352
0101028315
0101238749
0101239992
0101035904
0101019183
0101033361
0120004611
0120004612
0101236399
0101045362
0117004793
0102037138
0126000939
0101036392
0126000286
0101238901
0101037862
0120004291
0119004581
0116017786
0117002337
0120002948
0120005476
0126001640
0101020911
0101222105
0126001644
0101228406
0101245734
0101036403
0120004279
0101239232
0104000305
0110001516
0101016017
0117005148
0120004676
0110002080
0101055807
0101041539
0101027458
0126001396
0120002726
0101055485
0101050450
0126001398
0101058654
0101226794
0101022991
0101020825
0101222031
0101022999
0104001017
0101035572
0120000384
0104000546
0101033583
0101058065
0101044310
0104000121
0101023241
0101031292
0101034422
0126001262
0126001267
0110840456
0104001349
0101058156
0103000880
0103000883
0101250843
0103000888
0119000731
0101047664
0104000169
0104000160
0101023022
0101043160
0101022379
0101029830
0101049622
0101031184
0101023754
0101029057
0122001310
0101023758
0101244393
0104001165
0101034006
0117002747
0104001160
0101025407
0101234703
0101233033
0101056861
0103000826
0101239509
0101046228
0101029943
0101239506
0120000962
0101230815
0120005801
0110840639
0102030725
0102030721
0101058873
0101102338
0101034137
0101016882
0104555826
0101049954
0101049953
0103300898
0101027181
0110001832
0101042509
0101035519
0101235542
0101046532
0101029305
0101047843
0101038729
0101047176
0117003081
0102202281
0101016084
0101038724
0120004170
0101035356
0101230661
0101240651
0101025752
0101019713
0101032373
0101042349
0131001161
0101036897
0103000408
0101028546
0110001991
0101053369
0101047935
0116017319
0101840374
0101231083
0101018663
0101018666
0101053141
0102202597
0102202596
0101053145
0129000001
0129000006
0120003556
0101231063
0101238754
0101012969
0101053098
0110002473
0101021477
0101053096
0122002014
0101035778
0101048007
0101024787
0101242077
0101054032
0119004119
0101054787
0102202048
0120004604
0101021987
0104000225
0122002372
0101050994
0101233411
0101033359
0101047652
0101055923
0103000669
0103000665
0101238917
0101053781
0101020581
0101020583
0101235781
0101033138
0101229833
0101229838
0101033134
0101226499
0101226498
0119004203
0101019083
0101243510
0101024791
0101044399
0101041294
0101232018
0101236233
0101027117
0101041053
0120005244
0101027111
0103301030
0120005028
0101026245
0101232717
0120002739
0120002738
0104000489
0126001479
0101050441
0101034572
0101033008
0117001224
0101038959
0101036504
0101014361
0101049321
0104000559
0120004866
0101026646
0101046000
0119004289
0101023695
0101040012
0126001270
0101240530
0101225414
0120007169
0101021771
0104001683
0101032481
0101054817
0101054813
0104000173
0101051951
0101051489
0101029827
0101029821
0119001982
0101038553
0101058464
0101055672
0101038559
0101244380
0101055470
0117005637
0120001042
0101051689
0101225613
0101239530
0120007095
0101042757
0101046895
0101230633
0101048671
0117000874
0101048672
0101034584
0116013689
0101027718
0120007655
0104001990
0101102494
0101240711
0101048580
0122000098
0104002083
0101031243
0101235681
0101038481
0101057788
0101234407
0117002500
0101235979
0101234401
0101038805
0101045615
0101012779
0101230251
0101102474
0117001719
0101235377
0101239403
0101029318
0101035186
0101057232
0102201106
0101016325
0101019705
0122000362
0101043356
0102201322
0101052319
0101247031
0101045764
0101240861
0117003105
0101035980
0119004902
0102201036
0101018611
0102202215
0101053426
0101242714
0101237535
0101052405
0117002965
0129000017
0129000016
0101018121
0129000011
0103000708
0120003540
0120002892
0101024120
0101012971
0101049982
0101018451
0101248996
0101053228
0117001057
0101054792
0101237283
0101054025
0119004474
0120004675
0117001058
0102036909
0120002638
0103300807
0101025769
0101018546
0117000462
0101044491
0101245937
0101021513
0126001143
0116010306
0101033836
0101036864
0101229770
0101229827
0101024274
0101019093
0101058190
0101023919
0120004706
0101023910
0101036469
0101044141
0104000361
0102037089
0101037599
0101236223
0120003765
0122001961
0121000429
0101037608
0117000592
0120004386
0102202073
0101031507
0101226040
0101041266
0101055266
0101037022
0101036512
0104001567
0101238972
0101249471
0101840550
0101027784
0104000760
0120002636
0101050942
0120002639
0101050237
0120003941
0120003942
0117003746
0101051010
0101240526
0117005649
0101041865
0101050420
0101226689
0101240529
0101240528
0119002847
0104001366
0101030878
0101051940
0101041467
0101041465
0126001043
0101047425
0101049602
0103000841
0101235589
0101051301
0102049899
0101023571
0120002566
0104001186
0101055446
0101055447
0101019395
0101040028
0101056883
0120002440
0104001744
0103000282
0101023685
0101014974
0101240381
0101236397
0101025209
0101029961
0101045360
0101031092
0101244288
0101031258
0101240703
0101025512
0101045607
0101243273
0101052547
0101045975
0117006846
0101038833
0110840817
0101045978
0110001810
0104002055
0117002354
0101252957
0101238388
0101052147
0101230394
0101231710
0101038233
0101038235
0101230623
0101042741
0101247150
0101230624
0102201488
0101032684
0101039181
0101230462
0101018048
0101046176
0101242248
0121000483
0101039052
0101056834
0101039298
0101028967
0101039296
0101042524
0116021876
0101021854
0102201268
0101242704
0101045559
0102201267
0101021859
0131001033
0101235031
0101246196
0120001724
0101036983
0101047873
0101249887
0101239675
0101033939
0117003008
0110002416
0121000008
0121000009
0101039476
0120003744
0102201640
0101237295
0101226304
0126001643
0101053051
0101053053
0110002239
0101053057
0117004747
0117004292
0101242633
0101236105
0101028219
0101230348
0101045156
0104556098
0101245941
0101054652
0101054650
0119004049
0101039982
0120004483
0101024205
0101033485
0120004710
0101033240
0101036699
0104000378
0120004245
0101036692
0101231604
0101251046
0101251044
0101251045
0119000659
0120004398
0101042257
0102202065
0126000871
0126000876
0120004390
0116015788
0101027319
0101051792
0101055274
0120004804
0101227873
0101040250
0101032827
0104000806
0104000773
0101023213
0104000802
0101032381
0101248590
0104000808
0101040815
0104000592
0101050556
0101226697
0101223967
0119001365
0120001194
0101233191
0102050166
0120006899
0101014747
0101232733
0104000615
0101239284
0119001965
0120006873
0110840793
0120002574
0120002579
0101233994
0120006096
0117000868
0117002777
0101027880
0120001064
0101018899
0101011403
0101049702
0120005835
0101022784
0101221156
0101031222
0101025806
0101016854
0122002051
0101030314
0101048251
0101032742
0101037142
0101047416
0101042648
0101025304
0101045949
0101029377
0117002368
0101253168
0101046383
0104555610
0120003114
0120006473
0101102580
0101231701
0117006928
0101034419
0101035414
0102201496
0102036850
0101045703
0101047969
0120002951
0110003065
0102201018
0101058522
0101040957
0120007059
0120007058
0101038829
0101055241
0101035569
0101038823
0101052421
0101052427
0117002945
0101013447
0101039085
0101241263
0101028428
0101021941
0126000882
0126000880
0102026059
0101243487
0101021333
0101028192
0101039400
0101231458
0102201654
0101039409
0101032257
0101245881
0101044724
0103300820
0101036192
0101243739
0101228339
0104556085
0104556084
0101239117
0101036843
0101054316
0101039318
0101044838
0117004352
0101237866
0101054648
0101057834
0101043339
0101055993
0101036449
0101228441
0119004251
0110001957
0101036337
0101232383
0101034370
0101058334
0101044614
0104556887
0101036682
0101051817
0101048810
0120003749
0120006185
0102037069
0120000632
0101043448
0101048819
0101027410
0117005534
0126000645
0126000863
0104556400
0101027324
0101222560
0101055209
0101050498
0101232586
0120001294
0101033073
0101030678
0101030679
0120001450
0116023023
0122000982
0104000292
0101012763
0101050789
0101248587
0101020953
0101050962
0101027748
0101027749
0101051567
0101050179
0101056640
0101030416
0120005744
0126001024
0126001020
0101233818
0101233182
0104001438
0120006889
0101049442
0126001938
0101049285
0101049665
0101049666
0101030258
0101059179
0101223868
0117001409
0101053105
0110840540
0101019370
0102050023
0101239935
0102050026
0101025920
0104001725
0101024509
0101022930
0104000636
0120003966
0101043636
0101047570
0101048628
0101059014
0101057596
0101228937
0101031233
0117001713
0101102666
0101235902
0101022338
0101025535
0101240072
0101012657
0101240074
0101233768
0101048718
0101041969
0102049929
0101034316
0101250714
0101043703
0101043705
0117002377
0101046371
0101022443
0116021984
0101059307
0101230620
0101013705
0101102593
0101047663
0101034773
0101230866
0131001127
0131001126
0103000442
0101035420
0102036826
0101008780
0101235120
0101021231
0101049843
0101032510
0102037114
0101047974
0117000620
0104555575
0120004258
0102201069
0101042094
0101018623
0101038672
0101035228
0101052985
0102201203
0101039090
0131001010
0121000378
0101102504
0101046028
0101045007
0101251994
0101042074
0102037205
0122002057
0122002054
0120003353
0101242036
0102050127
0101227103
0119004406
0101226981
0101237472
0121000207
0101053587
0101053859
0126000987
0101045349
0101226857
0110002328
0101245966
0101024049
0101028239
0101054672
0120004005
0101053455
0126000858
0117006490
0117006496
0120004739
0120004738
0101036942
0104000354
0120004221
0120004220
0120004223
0101017537
0101055856
0101037883
0102037050
0120003892
0101050807
0101051245
0101037633
0126000859
0126000854
0101050027
0126000857
0126000851
0101037639
